Output for N = 100000000 k = 20

50192783
50416261
50528000
50751478
3302230
3405912
51533651
51602343
51868868
4243425
52092346
52315824
52427563
52539302
52762780
52986258
53209736
53278428
53321475
53433214
53544953
53656692
53768431
53880170
53991909
54103648
54215387
4769892
54327126
4873574
54438865
54550604
5607405
54662343
54774082
6133872
54885821
54997560
6341236
55221038
55332777
55444516
55556255
55667994
6867703
55891472
7282431
56003211
56226689
56338428
56450167
56493214
56561906
56785384
56897123
7808898
57120601
57232340
57275387
57344079
57455818
57722343
7920637
57791035
58057560
8750093
58148233
8861832
9164821
9276560
59621906
10217755
59845384
60739296
10329494
60851035
60961859
10744222
61074513
11158950
61186252
61297991
61366683
61409730
11685417
61521469
11797156
61590161
61856686
61968425
62037117
62123211
62191903
12626612
62260595
62303642
12738351
62415381
62750598
62862337
62974076
12961829
63085815
13456068
63309293
13567807
13679546
63464079
63532771
63644510
63756249
63867988
14397263
63979727
64091466
64246252
64314944
64650161
64873639
64916686
64985378
65208856
65320595
65587120
65655812
65698859
65767551
65922337
65991029
66102768
14509002
66704510
66773202
14732480
66996680
67108419
67151466
15450197
67263205
15561936
15673675
67374944
67443636
67486683
15785414
15897153
67821900
67933639
68045378
68157117
16614870
68268856
68380595
16726609
16838348
68492334
16950087
68715812
68827551
68939290
69051029
69162768
69274507
69317554
69386246
69497985
69609724
69652771
69721463
69833202
69944941
70056680
70168419
70211466
70280158
17556065
70391897
70434944
70503636
17667804
70658422
70727114
70950592
71062331
71174070
18497260
71285809
71397548
71440595
71509287
18720738
71732765
71844504
71956243
19326716
72067982
19438455
19550194
72179721
72291460
19773672
19997150
72626677
72738416
72781463
72850155
72893202
72961894
73004941
73116680
73185372
73228419
73297111
73340158
73408850
73451897
73632328
73675375
21656062
73744067
73787114
73898853
74010592
74122331
74302762
74345809
74414501
74457548
74526240
74637979
74681026
22326496
74749718
74792765
74861457
74904504
75016243
75127982
75463199
75531891
75574938
75686677
75798416
75978847
76021894
76133633
76245372
76357111
76468850
76692328
22979757
76872759
77070592
77096237
23091496
23203235
23314974
77207976
23426713
23538452
23650191
23761930
23873669
77431454
23985408
24097147
77629287
77766671
77878410
77990149
24655842
78101888
24750408
78187982
24862147
24973886
25085625
78437105
78548844
78660583
25197364
25309103
78970155
78995800
25420842
79193633
79305372
25532581
25644320
79640589
79752328
26185842
26297581
79975806
80113190
80534501
80671885
80757979
80869718
80981457
81093196
27079754
27191493
27303232
27414971
27526710
81763630
27750188
81875369
27861927
27973666
81987108
28085405
82098847
82322325
82434064
82545803
82657542
82769281
82881020
28197144
82992759
83104498
28308883
83327976
28850405
83551454
29073883
83663193
83774932
83886671
84110149
84221888
84333627
29409100
84445366
84557105
84754938
84780583
84892322
85004061
85115800
30079534
85201894
85339278
30397578
85562756
30621056
85674495
30732795
85786234
30956273
85872328
31068012
85897973
86009712
86233190
31179751
86456668
31291490
86903624
87015363
87127102
31403229
87350580
31514968
31626707
87462319
31850185
31961924
87574058
32185402
32408880
87797536
87909275
88021014
88244492
88467970
88914926
89026665
89447976
89473621
33268446
89808838
90144055
90255794
90591011
90926228
91124061
91149706
91235800
91373184
91596662
91682756
91820140
34162358
91931879
92043618
35168009
92378835
92576668
35391487
92688407
92714052
35503226
35614965
35838443
93161008
35950182
93470580
93582319
93805797
94278398
94476231
94923187
38038877
95060571
95146665
95284049
95370143
95507527
38150616
95705360
38485833
95928838
38597572
38709311
38821050
96264055
96401439
38932789
96487533
96711011
39044528
96822750
39156267
39268006
39379745
96960134
39491484
97046228
39603223
97157967
39714962
97295351
97407090
97604923
97716662
97828401
97940140
98051879
98077524
39826701
98189263
39938440
98275357
98301002
98387096
40273657
98498835
40385396
40608874
98610574
98834052
41244962
98945791
99057530
99169269
99281008
99306653
99392747
99418392
99504486
99839703
99951442
