Output for N = 100000000 k = 24

1
9
20
25
44
76
121
197
304
353
540
856
1301
2053
3112
3597
5448
8576
12981
20425
30908
35709
54032
84996
128601
202289
306060
468037
1724168
3856230
4421729
4987228
5172527
6303525
6618758
7619822
7805121
8250288
9251352
9881818
10067117
10252416
11068181
11328049
11698647
11883946
12329113
12699711
12885010
13070309
13440907
14145942
14331241
14701839
15962771
16148070
16333369
16889266
17223703
17409002
17594301
17845547
17964899
18484635
18855233
19040532
19411130
19781728
20116165
20152326
20522924
21191798
21227959
21932994
21969155
22303592
22710351
23044788
23379225
23785984
24084260
24454858
24491019
24825456
24861617
25196054
25232215
25566652
25901089
25937250
26271687
26976722
27012883
27347320
27383481
27419642
27754079
28052355
28459114
28495275
28829712
29200310
29236471
29570908
29905345
29977667
30275943
30646541
31053300
31387737
31722174
31794496
32128933
32463370
32797807
33539003
33611325
33873440
33945762
34614636
35021395
35355832
35428154
35690269
35762591
36169350
36503787
36838224
37100339
37172661
37244983
38320616
38392938
38582731
38655053
38989490
39061812
39658364
39730686
39803008
39992801
40065123
40137445
40399560
40471882
40733997
40806319
41140756
41213078
41547515
41809630
41881952
41954274
42216389
42288711
42623148
42767792
42957585
43292022
43364344
43698781
43771103
44033218
44105540
44177862
44439977
44774414
45108851
45253495
45515610
45705403
45850047
45922369
46184484
46256806
46401450
46591243
46663565
46925680
47070324
47332439
47404761
47739198
48001313
48073635
48145957
48408072
48552716
48597865
49076946
49221590
49556027
49890464
50224901
50559338
50749131
50893775
51038419
51083568
51228212
51372856
51517500
51707293
51897086
52041730
52231523
52855248
53189685
53379478
53713915
53858559
54003203
54048352
54337640
54482284
54527433
54672077
55006514
55340951
55675388
55820032
55865181
56009825
56344262
56534055
57302424
57492217
57636861
57971298
58016447
58305735
58450379
58640172
58784816
58829965
58974609
59164402
59309046
59643483
59931098
60122564
60312357
60457001
60746289
61125875
61171024
61315668
61460312
61650105
61794749
61939393
61984542
62129186
62228681
62273830
62608267
62752911
62798060
62942704
63132497
63277141
63322290
63421785
63466934
63566429
63611578
63756222
63946015
64090659
64235303
64614889
64759533
64904177
64949326
65093970
65238614
65428407
65573051
65618200
65717695
65762844
65907488
66196776
66386569
66431718
66449239
66576362
66721006
67055443
67200087
67245236
67389880
67534524
67579673
67624822
67914110
68248547
68582984
68772777
68872272
69016916
69062065
69206709
69396502
69495997
69875583
70065376
70210020
70399813
70499308
70544457
70689101
70734250
70878894
70924043
71023538
71068687
71168182
71213331
71502619
71547768
71692412
71837056
72026849
72505930
72695723
72840367
73029685
73075309
73364597
73509241
73843678
74033471
74178115
74512552
74702345
74846989
74991633
75136277
75181426
75660507
75805151
75850300
75994944
76184737
76329381
76474025
76519174
76663818
76708967
76808462
76853611
77142899
77432187
77477336
77811773
78101061
78146210
78480647
78769935
78815084
78860233
79104372
79149521
79194670
79438809
79529107
79773246
80107683
80442120
80776557
81110994
81156143
81400282
81445431
81490580
81779868
82069156
82114305
82403593
82448742
82738030
82783179
83072467
83117616
83162765
83361755
83406904
83452053
83741341
83786490
84075778
84120927
84365066
84410215
84699503
84789801
84834950
85033940
85124238
85413526
85458675
85992102
86037251
86127549
86660976
86706125
86751274
86796423
86841572
87085711
87176009
87709436
88043873
88333161
88378310
88423459
88712747
88911737
89002035
89047184
89381621
89716058
90005346
90050495
90095644
90719369
91053806
91252796
91343094
91388243
91966819
92346405
92436703
92635693
92725991
92924981
92970130
93060428
93394865
93639004
93973441
94108888
94262729
94307878
94597166
94642315
94687464
94777762
94976752
95311189
95645626
95690775
95980063
96314500
96603788
96648937
96694086
96802778
96983374
97028523
97227513
97272662
97317811
97607099
97697397
97742546
97896387
97941536
97986685
98230824
98411420
98565261
98610410
98655559
98700708
98989996
99035145
99188986
99279284
99324433
99478274
99523423
99568572
99658870
99857860
99948158
99993307
